#Epoch  Link[0]   Link[1]   Link[2]   Link[3]   HMC bandwidth
1       0.357628  0.357628  0.357628  0.351667  1.42455   
2       0.339746  0.560284  0.560284  0.786781  2.2471    
3       0         0.572205  0.572205  1.14441   2.29478   
4       0.0119209 0.596046  0.560284  1.13249   2.29478   
5       0.0119209 0.590086  0.560284  1.13249   2.29478   
6       0         0.572205  0.572205  1.14441   2.28882   
7       0.0119209 0.590086  0.560284  1.12653   2.28882   
8       0.0119209 0.590086  0.560284  1.12653   2.28882   
9       0         0.572205  0.578165  1.14441   2.29478   
